Boy1,6,26,8,1

Boy2,6,80,6,2

Boy3,5,59,9,16

Boy4,6,60,4,12

Boy5,5,61,6,14

Boy6,1,55,9,0

Boy7,1,90,4,14

Boy8,1,47,5,12

Boy9,6,95,1,0

Boy10,5,67,1,2

Boy11,5,20,6,14

Boy12,0,20,8,18

Boy13,1,43,3,1

Boy14,0,76,8,4

Boy15,1,56,8,15

Boy16,5,9,6,1

Boy17,8,23,1,5

Boy18,9,68,5,8

Boy19,5,78,5,0

Boy20,4,56,4,6

Boy21,7,58,6,10

Boy22,7,41,4,13

Boy23,8,27,8,8

Boy24,5,71,3,2

Boy25,8,74,0,6

Boy26,4,46,8,12

Boy27,3,72,8,15

Boy28,3,2,3,18

Boy29,1,90,9,8

Boy30,8,70,3,5

Boy31,1,0,9,10

Boy32,1,86,8,4

Boy33,4,4,4,6

Boy34,4,71,9,6

Boy35,7,66,8,7

Boy36,9,31,3,4

Boy37,4,79,4,4

Boy38,1,3,3,5

Boy39,8,24,1,15

Boy40,1,2,6,8

Boy41,5,61,6,14

Boy42,2,0,5,13

Boy43,6,56,1,18

Boy44,8,22,2,1

Boy45,8,29,8,9

Boy46,0,15,3,1

Boy47,3,54,4,19

Boy48,4,78,3,0

Boy49,9,6,9,17

Boy50,4,32,5,7

Boy51,1,35,5,3

Boy52,4,88,3,17

Boy53,9,21,1,19

Boy54,8,75,3,13

Boy55,7,90,5,9

Boy56,1,35,1,17

Boy57,3,81,1,0

Boy58,3,73,1,10

Boy59,8,9,1,15

Boy60,5,85,5,4

Boy61,0,97,0,11

Boy62,1,22,9,9

Boy63,9,76,0,5

Boy64,6,36,3,3

Boy65,5,76,9,2

Boy66,4,20,9,19

Boy67,5,88,3,0

Boy68,9,52,1,2

Boy69,4,71,7,16

Boy70,2,29,0,5

Boy71,0,28,4,19

Boy72,2,66,0,10

Boy73,9,50,6,11

Boy74,5,76,8,19

Boy75,3,15,2,5

Boy76,3,58,9,19

Boy77,3,26,2,6

Boy78,2,40,8,16

Boy79,3,38,2,17

Boy80,9,85,3,13

Boy81,4,15,2,16

Boy82,9,62,7,4

Boy83,3,18,1,19

Boy84,0,39,8,3

Boy85,3,58,6,18

Boy86,1,50,6,0

Boy87,9,79,4,0

Boy88,3,29,5,10

Boy89,9,3,0,12

Boy90,6,66,5,15

Boy91,7,21,6,13

Boy92,5,50,0,1

Boy93,6,8,9,8

Boy94,1,56,8,7

Boy95,2,54,2,18

Boy96,8,45,6,0

Boy97,6,98,4,12

Boy98,3,52,5,4

Boy99,9,52,1,4

Boy100,2,8,9,3

